1000000010000000000000000100000000100001000000000000100000000001000001000000000010000000000000000000
0000001000000100010000010000010000000010001000000000000001000010000000000001000001000000010000010000
0001000000000100000000000000000000000000001000010000000000000000100000000000000000000000000000000010
1000000000000100000100000000001000101000001000000000000000000000000000000100000001000010000001000000
0000000000000000001101000001000000000000000000100010000110000010001000001000000000000000000100000000
0001000000000000000000000000000000100000100010010000000000000000000000000100000000000000000001000100
0000000000001000000000000000010100000000000000110000001000000000000000000100011000000000000000000000
0000011100000010100000000000000000000000000000000101000000000100000000000000100000000001100010000000
0010000000000000000100000000000010000000000000001010001000000000000000001100000000000000000100010000
1010000000000000000000000000000000010000000000000000000000000001000000000000000000000100001000010010
0100000000000000000000000100100001100000000000000100000000000000100000101000000000000010010000000000
0000000000000000000000000000000000000000000100000100000000000000100000010000001100000000001000000010
1000000000101000000000000000000000000000000000001000000000000000000010000000000001000000000001010000
0000001000000000000010000010000000000001000000000000010000000000010010000000000110000010001000000001
0000000000000000010100100010000000000000010000000010000000000001000000100000000000001000000000010100
0000000000000000010000010000000000001100001000000000000100000000010010000000000000000000000001100001
0001101000000000100001000000000000000000000100000000100000100000000100000000100001010000000000000011
0001100000000000000000000000000000000000000110000000000000000000000100000000100001000000000000000000
0000000000100000010100001000100000000000000000100001000100000000000000000000000000001000000000010000
0000000000001000000000000010000000010000000000000000000000000000011000000000110010000000000000010000
0000000000000000000000000000010100000000000100100000000000000100000000000000000000000000001000000000
0010000001000000000000001000100000100010000000000000000000000000000000000000001001010000000000010010
0000000000000000000000000000100000000000000000010000000000000010001000000000000000000010000000100100
0010000000100000000000010000000000000000000000010000000000000000000000000000001000100000100001000000
1000001010000100010100000001100000000000000000000000000001001100000000000101000000001000000000001000
0000000000010010000000000000100000100000100000000000000000000001100000000000000000000000000000000000
0001000000000000000100000010001001010000001000000000000000000000010100000001000010000001100110000001
0001000000000000000000000000010000000000000010000001000000000000010000000000000000000010010100000100
0000100010100000000000000000000001100000000000000000000100000000000010000000000000000000100000000000
0010000000000000000000001000000000000000000000000000001000000000000000000000101000100000000001001100
0000000000000000000001000000000010000001000000101000010000000000000000100011000000000001000010010000
0100010001000000000000110000100100000000000010000001000000001000000000000000000000000000000000000000
0100000000010000000000100000000010010000000000000000001000000001000001000001100000000000000001010000
0000000100000000000000000000000000000000000011100100000100000000000000000000000000100000000000100000
0000000110000100000000000000000100000000000000000100000000010000000000100000000000000000000000000000
0001000000100000000000000010000000000000000000000000000000001000000000000000100000000001000000000101
0100000000000000000000100010100000000100000000000000001000000010100000000010100000000000001000000000
0000000010001010100000000001000000000010010010000000000000000000000000000000000100000000000000000000
0001000000000100000010000000000000000001010100000000000001000000010000100000000000000000000000000000
0010000000010001000000000000001000000100000000000000000000001000000000000000000001000100000000001000
0000001001000000000000000101010001001000000000000000000010001010100000000000000000000000000110000100
1000000000000000000000000000000010000000010000000000000000001000001000000001000000000000000010010100
0000000010000001010000000100000000000000000000001000000110000000000100000000000000000010001010000000
0000001100000001000000000000010001001010100001011000000000000010100000000100000000000000101000001000
0100000000000000000000000000000100000000001000100100000000000100001000000100000010000010000000000000
0001011100000001000000010001000000000000100000000000000000000000100000010000000000101000000000000000
0100000000010000000000100010000000000000000010000000100000010000001000000000000000000000000000000000
0000000000001000000000000000000000000000000010000000000010000000000101101001000001000000000100000000
0000000000100000000010000000000000011000000000000000000000000000000000000000100100000000000011000000
0010011000000000000000000000000000000000000000001000100000000000000010000000110000000110000000000000
0101000000000000000000000000000000000001000000000000010000000000000000000000000000000000000000000000
0000000000000000000000000011000000000001000000000000000000000000000000000000000000000000000000000000
1100000000000000000100000000000000000001100000000000000000000100000011000001000000000000010000011000
0100000000000000000000100000000000110000000000110000000000000001000000010000000000000001000010001100
0001000000001010000000000100001000001000000000000000000000000000001000100000000000000100000000000000
0000000000000000000000010010000100000000000000000000000001000000000000000001000000000000010000000000
0000000001000000100000000000100000100000000010000000100000000000000000010000000100110000001000000000
0000000100000000000000000000000000001000000000000000000000000001000000000000001000000000000000000000
0100010100000000000000000000000000010000000100000000000000011010100000010000000000100000000000000000
0000000000000000000100000000001010000001000000000010000000100000000000000000000100000000000000010010
0000000000000000000000001100000000000000001000100001000100000000000000100010000100000000000000000000
0000000000001000000000001000000000000000000000000001000000100010000000000000000000000100000100010000
0000000000001001000000000000000100000000000000000001000000000000000010000000011000000110000000000000
0011000000000000000000000100000000001000000000001100000000000000001000100000010000000000000000110001
0000000000000000000011000000010000000000000000000000010010100001001000000001000010000000000000000000
0000000100001000000000000000000000000000000000001001001000000000000000000000000000000000100000000000
0000110000000100010000000000000000100000010000000000000010000000000100000000000000000100000010010000
0000000000000100000000000000000000100100000000010000010000000001000000100100000001000100000000000000
1010001000100000000000000101010000000100100000000000000010001001000000100000000000000000001001000000
0000000000000000000000001000000000000000010000000000000000000000000000100000000000000101101000101000
0000000000010000000110001000001000000000000000000000000001000001000000000001000110000000000100000100
0101110000000100000000000000100000000000000000000000000001101000000000001000000000000000000100000000
0000000000000110011010000100000000010000001100000000001000000000000000000000000000000000000000000000
0000000000001010001000001000100000000000000000100001000100000000000000000000001100000000000001010000
0000000000000000001000000110000000010000000100000000001000000000000110000000000001000000000000000001
0000001001001010100000000000000000001000000000001100000000000000000000000000000010010000000000010000
0000000110100000000000000010100000010000000000000001010000001000000000100000000000010010000000000100
0000010000100010000000000001100000000000000000000000001000001000001000100001000000000000000000000101
0000000000000100000100000000000110010000000000010000000000000000000000000011000000000000010000000010
0000000001010000001000010010000000000100000100000000001000000000000000000010010000100000000001000010
0001000001110101100000010000000100000000000000000000000000010000001000100000000001000000000010000000
0001000000000000010100100000000000000001000000001000000000000000010000000001000101010100010000000000
0000010000000000010010000000000000000001001000000000000000000000010000100000100000101000000000010000
0000000000000000001000000000100100000001010100000000001000000000000100000000000000000000000000100000
0001100000000011100000000000000011000000000001010010000100000000000001010001001000000000000000000000
0000010100000000000000100010110000000000000100010000000000000000001000000000000000000001000000000010
0100100010000000000000000000100000000000000100000000000000000000000000000000000000000110000000000000
0000000000000001000000000000000000000000000000001010000100000000001100000110100000000000001000000010
0000000000000000100000000000100000000000010000000000000000000000000010000001100000000000000000000000
0000000000000000110000000000000000100000000010000010000000000101100000000000000000000000000000101010
0000000000000000000000000100000000000000010001000010100001000000000000000000000001000111000000000000
0100000000000000000010000000000010000000000001000000000000000010000010000000010000000100001010000000
0000000000000000001000010000000100000000000000000000000000000000000000000000000000000000000000000000
0000000011000000000100000000010000000000001000000100000100010000000000100010000000000000100000100000
0000000000000001000010001000000000000000001000000100001010000000001001000001000000000000000000000000
0010110000000000100000100000000100100000001000000100000000000000001000000000010000000001000000001100
0000100000000000100000100000010000000000000000011000000000001000010000000000000000000000000011000000
0000100000001000000000000000000010000100000000000000000100010001000000000010000000000001010000000010
0010000000000000100100100000010100000000000010100000000000000000000010010000000000000000000000000001
0100000000000100001010101000000000000000000000010000000000000010000000000100000100100000000000000000
