0000010000001000100100100000000100110000010000000100010000000110010100101000010100000000100000000111
1000000100000100000000010110100100100000000001001100100000111000000000011000001000100000000001010101
1000100110001000000000000010101100011010100001000000000000100010010000000001100000011000000010000000
0000010100010000100000110100110110010001000000000000000000000000010000000000010000000010000001010000
1001001000000100011000010000000000001010000011010100000000111100001000011001000100000000100000100000
1010100011000000000101011100010000010001010001010011110100010010000001000010000010000000000000000100
0010100000100101000011001100011111100010100000010000000000001000011000000000000110001001000011010100
0101110001101100111000001001000010000000000000100000000011011101000010001011110000000100110001110000
0000000011100110101010000001011100010000000001000000000101000010001011001000000110000010100011000010
1001000000001000001110000111000010000001100000000000000001000001010001100001001001000011001000100010
0001101001110000001001000001110010100101000100000011000011010010010000000001001000000000100000101001
1000001100001000000000001000001000001000000101100000000001101100010000000010001000010101000000001000
0000010000100011110010000000000010010000000011001110000001000011000000001000010000000011001011100000
1001001000000100000010001101010100000000000000101000001000001100011000100000000000000000000010000010
0000100001111110000010000010000101000110000011000000001000011100100010010000100000000000000000100000
1110000000110001000000000000000111000100000100000000010110001000000011000110100001000001000110000000
0000110000001001011000010000000000010000000011000001001000000001000000100000101111101100000100000001
0100000001000000000110000000000010001000000100011000110000000000110000000001000101000101010000010000
0000000000110011011000110010001101100001100010011010011000110000000001000000110001001001000110000000
0010000000000000001000101010011100000101000000100110100001101000000001001011010000000010101100000001
0100000100101010000000000000001001000000110011100001001110100010000001100000000000100000001000010010
0000001011000000000100100100001000111010000001000000100000010000000000000000011010000010000000110001
0100010011000001100000000000000000001000000000000000001011010100100000100000011001100000110111000000
0000010000010100010000010000000010001001000001000010010000001000000101100000110000010000101000000000
1000000011100000100011000000110100000001100000000000100000101010001010000010000000000001100011111000
1000000100001000000100000000000001100000000000010010000001000000001000001001000001001000100100011000
0000000100100100011110100110010000101000000000000000001000000010001000000000100000110000001010000000
1011100000000100010111000000000010010110010010001011000001010110000011000010010000111010110010000010
1100001100100000001001010000011100000000110010001010100000001010000100101000100101000101010000000000
0000001010100101100000010001000100100000011001010000100010001000000000000010000001000110000001001110
0000000010000110010000000000001100000010001000000100001001001101100010110000100001001000000000111000
0010010000000010010010000001010000010000001000000000001000000001000000100000011000000000100000001000
1001000000000000100010000000110000000010011000000110100001000000000001001000010010100011000001000000
1010001001011001010001000000001000110100011111000011000000001000000011110001000001000000010100000101
1011001010010100000011000000000000001000000001100100010000000010010000111000110000000101000000011001
0010100000000000010000110000000000010100000000001000001000101100000101000001001110000010001001000101
0000100000010000101100011001100010000000100000011010000000000110000000100110001000000010001100010000
1100100100000000001110011000001010110000000000000001000100100010000000001000010010001110111000000000
1000000000000000000011001000110000010100000000011000000101100001000000101011000010110000100101000110
1101001011010000010000100001000000001011010000000001001010000000100001000100011010000000010000100000
0001001001100000000110000000010000101110010100101000001000101000001010100001101000010011000001110000
0100001000000000000000111000000000000000010001000000001110001000001000000101100000010010000010101001
0000100100110110110011001100100000000000000010010000000001000000001000100010001000010010001010001000
1101000010111001100100001110110000010000000000100110011000000010100000000001100000100011100001100001
0000000001010001001000010100000010010100000000010100110000100100000010000001100011010000100010100000
0001001010001000100000001010010010001111001100000101100000000110110100000100000110010100001000000010
0011000000001000000000000000000100011010010101110000000000000010000010000000010000100111101000100000
1000100000001010000001011000000000001000001000000110011100010000100001001100000011000001011011001001
0001000100000000010000000000001100000000000010100000000000100000000011100111010001000000000010011001
0100000000010000101010100101000100010100101011100011010110000000000000000100000100000000010000000000
0001100000010001101100001010001010010001000010101000000000100010000000001000000010001101010010000111
0000000000001000101001000000001100000100010001000000000110000010000000000100000000001000000000110010
1000001100110010000011000011100000000000000100100111000000000010100100010100100000001000000000110000
0000000000000010000000100000100010000000100000100001000000000001011010000100000000100100000100001001
0000100000101100001001110000000101000100000100010000100000001100000000001010001010001100001010000010
0010110000101000110101001001000100100010000000001110000001111010001010000000110100000001000010000000
0010001000000001100000000000000010000100010010001100001000010000000001010011011100000100000111000000
1000100000100000001010001011010011001010001001100100110000110110100001000000000000001001101011100110
0100000001001100100110000100100010000000000000000001010100010010011100100010000000011000100100001000
0000011011000111000001000000001000001000011011000000100011101000000000001001100001100000100010111000
1010100101000100000000100011010001000001001100000011010010000001000000100101111000101000100000000010
0000000000100010010001010100010011110100001001000101010000101000000011001010111011100000001000101000
0100011000010010000001110010000000001100100001101011011010110000001011010001111000100011001000010001
1101010100001000111010010000000000000100011000000011010000000110101100001000000000010100000100110000
1000010000100000101000001100100000110010010001000000001001000000000001010001011000111000101101000010
0010000001000001010000101000000000000000100001110000000001001000100000000000000101000011000110100010
1001110000100000000011100100000010010100100010001000000010000100000100011010001000001100001001010000
1000010010100110000110010000001111010001100100000010000110000000000010000100100101010010110100000010
0000000011000010000010010010100100001010010000100010001010000001000110100100000001100000010000000001
0000100100000000001000000101001001000000010000101000010001000010000000000110010001001001001100000100
0100000100110000010100001001100010000000000111101001010000000000100010101000000010010000100001001100
0000000000101010110110000010000010010010010101000101111000000000000101100000100000010001100001101010
0001100110011010101000000010000110001101000101000010001000000001000100010010000100000000000001011001
0100100010000010001000011001000000001000000110110010000110010101000000000010000000000100000001100001
0001010000100001101000100100000000000000000000011001000000001000000000000000000000000000001100000001
0100000000000000010010000001010000011000010000000010000100100011010000010000001010000100001100100001
1101001100110101001000000000011100010111000010001000000101010001001010000000000100000101100000000000
0100010000100000001000100000000001011010100000001000010000100111000010100100010000010010000000000000
0000100011000101110000000111000000000010000010111000000100100010000011000010001101011000000010000000
1001011100000001010000010000100000001000111100100111001010010100101000100101000100101100101001000001
1000010110000101000000000000010010000000100010111000010000101000010001010001010000110000000000000010
1010011000100100111001000100000000000000110011000000100010010001000100110110001000001000010000000010
0001000001000010000010001101000000100000000000010010000001010101000001011000000001100000000000101000
0110000000000110001010000001100010111010000000001000100110000000001100100000100010000100111000000010
1110010000010100010000100000011100001011000100010000000000101011010000000000000110110010001000000000
0000100001000100010000010110001000010101000101000011010000000000000100001110000001100000000000101001
0100011001000001000001100000000001000000010011100000000010000000100010001000000000000000000100001001
0100000000100011000000000000000000100000000000000100000000000001000100001000001100000010001000011000
1000100000000000011101101100000000100000000000000000001110100001100110001000010110001010000100010001
0000000000100100001000011010010000000001000000001000100000001001001010000101001000110010000000000010
0000000100011000000111001100000000001010000001000000000000100110010000100001111001101000000000000100
1000010010100000000001000000100000100000100001000000000100001010000001100010000000000000000100000010
0100000000000001101010100000001101000101100001010101001000010000000100100010010100000100110000000000
0000000010000011000000010100010001000010010101000001000110000100001111000000000010110010000011011101
0000100000010000000001001000100000000000100000100011010000011000001000000010100000100100101111100100
0001010010000001010101001000001000000101010010000000110010000100000000010000000000000000110000010000
0110010000110000000001000101000000001010000000010010000010000000010000000000000010000000000000000000
0100010000000001010010010000000000000010000000011000110100000001000001001000100000110100001000000010
0100000000000000001010010000100000101000100001000001000101000001000000011000000000010000001000010000
0000000000000000100000000000110000011101010000010000010100010000111011011010000000001000000011010000
