1100101001000101110110000110110011110010101000001001100110001001010001001010010001000101000110011000
0110001111001010011111101001110111010100000001110101010010001111001001010001100111001010000001110011
1111110011101000000000001000000101000100001110001011000010001101010000100001101111100101100011111000
1011111011111000011111101100010001010010010001010001110000011011010101001110110001011001100100100000
0001000000011011000010000000001101010000001111010000001100100110111000000000000000000101100100100000
0111011011110001000110011010001001111100001100000100011001110001001010011100001000011101000011000011
1001100010000101111010000100100110011001001110110011010000100110001011001010100000001011101101101010
0101111000010001000001001010011001101000010000001001111011001001001000100110010000011110011000000010
0100010001001110011110100101000000101010100010010100110001110110001100110000100010000110100100010001
1011000010100101110011111001001011010011000100100000101001010000000001011111000011111010111110011001
1010010101001111001110101010110011000100000010100010111011100100010110111011001111000011111010110000
0101100100000111011001010000101101100110000101100000000111000000110000001001011000001101010000110000
1110000100000000111010000011100100001000000001000111010011001100111100011000110000000111100101000011
1111000001000101000000101011100110100011000110100111110101100110010000011110010010100110101111001001
0110001111111001101110001000111011110001010100100000001010000000010011000000111100100011100011110011
1010000111110000100001101010100101110000011111100101000001001001000010101111010001000110101100110100
0101001000110010000110111110100011101100000010010110001100011011110100011110010000000101110001010001
0001101001111100100100000011001110000000001000000001001100001110010100110100100110001010000101100010
1001001100111001101001001011000011110111011000111100000010000100111010110100000100011000100001001100
1000001001100100101101000011000000111100001101010001000010001011100110000111011110000000101000001001
1101010010010010111100001110011000101001000000000110101010010010100000100000010010001100100011100000
1000101010101111011001011000101001011000100000101100000101101001111001011101101001110011000100010010
0001000100100100101000010100101101110101100001100001011100010000001100110000100111000010000011001000
1101010001000111000010100111001110000011111000000100101110111110100100110000000111110110010000001010
1010000110110000101000100100100000000001010110001000000011001001100100100100101010111000011000010000
0011100000000010010100110010111011101101100101000011000001000111011011101000111010000100110110001001
0100010100111101011110100010000101111011000000111011100000101111000000000000111000100010010011101010
1100101101110010101011100000001011100010000001000010001100000011010001011010100111001000001001100100
1001110100101011110101000011100011010010010100001100101101100111000011010000010000101010100100010100
0011001101000010100000110100100110011111000100100100101000010000011010000011100011100101100101100010
0000000000111100001010000001100011100000011100100011001001010010001110101101000100100111100011010110
1101111000011100011101100100000000000101100111011001100001100011010010100111011000000001000011011101
0001110000110101000000101010010000110011001000000000110000011000111111000000010010000110010001000000
1110100011011100001010100001000011100010101000110010110111000001111000000110011110101000001000000000
0100111101000010001000000010000000000001100001001101100011000010101101111001000100010000011001000000
1011100000000111011100101001001001111100010010001100000101010000011100011110100010110010011010101010
0100000000111000011010101101100000000011011110011011111000011101010000100000011000000000010000000000
0110000010101111000111000011000000000000110011110000100011000000011001101000000111100111011101000111
0101101001101000001010000011010011000001111100010111110011001010000100010010011010111010101101001001
0010001000010001010011000011010010000110100010101111100011000101100011101010101001000000000011010010
1001110000111000111011000010010111010001001111010001101100000010001100100000000010000100101101001100
0110011011001000000111000111110101100000110010000110010010101000000110010001101101000000010000110011
0000100001100001010100010000111000010111001010111001000011010011001010101100111111000100110101011101
0110000000011011110110111111010100001111000101011101110101000100111100011101110111101100001010110001
1010101011101101000000000010000101010000000001011100000111000101100011000001000101011100101001010101
1011111111110000011000000110001011101101100100001100100010000001101101100011111011000000000011110010
0110110101011000000100011001001010111101011001111001011001010111000010110010011000001000000111111011
0110100001000000100011000001000101000010000100000010011010011111101000001100000011101000010000010000
1101000000110110101000000101111000100000001010011001000000000010001000101001000000000100101010000011
0010001001011001011100010111001000110010111100000000101000001000111010000100000001010011011101001000
0000100001001010001101000001010001100001100001110111010110010110000010101111000011110000101010010110
1110110010101101011010010100010000101000101010000010011110000010101110000101100010011100010110001110
1110000100000111011000111001100001010101001011000011101011010010100001100010011010111010001100110101
1111011011000101000010100011100100000101111101010000011001001110000011000010001100010001101100001111
1110000110000100011000001110111011110101001011000000001101111000101100001001100100001000110001011111
0000001000010101101001001010111101101000000100101111010101100110011110100001001000000101001010001001
1111000110110001000011000000100001000010011100100000110000110001000000000111101101000000011000010101
1100011001100011110000100011010000000100010001010101101000110110100100000100001011011100011101011100
1000001000100100100001011001010000110010011101100110010000000100001100110001010010000001001010010111
1111011101011001011010000001001100010001100001011011001001001101000100111000100101100001000100101110
0011001001001100111010101011010110000101001111001111100110100000000000010001001101101001001110000101
1000001010000000000011001110110100011010100010100000101010000000010001000000000101110010000100001010
0010100101000000010000110010010011000110111110011001000110110011111110001111111110110001111101000010
0000110101001111100100100001000110001010100011101111101001101001011000010000110010110101000000111100
0110100001101000010110111000011100010000001101010101100000101000001000000100001110001000000000001011
1001100000001000010111010110101010011100101100011010000000101001010011101000110110011101010101010011
0001101100100000110111011000001000011001010101111111100100000111100001000000000001001100001000010110
0000011010010011001001011011011100000110010001100100011000101000000000100000011001100101001010110010
0011000111011000011101011101111100001001100001010100000000101010101101011000011001100100110101000100
1011000111111000111010001111000001000000001011010100100101000111110011001101110000111000000000000100
0000000011010100101100100011000000010111111010000001100111000011011111001001001000111011000000011100
1100010111011111000000100001101000000000000101111111000110101101100001010100100100000111010001101111
0001011100010100000000111100011001001001101010001110101100101011100000000111000010110011000111010111
0000000100000101110101011010001011001000000000000000011100011000011011101110011001100110101100111001
0011001101001001100110010010100110000000111110001000001101000100000001010010000101100010000000101010
1110101100000110000010000001000100001110010110010100011111110010000011100011010000001000000010100010
0001100000001110100001001100011001011110010010000010010110000100110010100011010010001011101001111000
0000001101100000010100010000010001111101110000100100100100010101001001110001110110000110101101001000
1000001000000000011000110000001000001001001010001100001011010010000000101100101001000000001010000011
1010011010110101100100001110000110000011101100101011001010011001110000000011110000101100000110000110
0000111111111010111100001110100101100010001010011010000101001100010001001010110000000000110001001000
1001110010000000111010110001010100110011111100000000111000101101111010000011000101011000101011101101
1100000101100011001100001100100100000100100110100101011100110000110001000001100111011010000000001000
1001100010100110110010010101011000101110010010001111101100001100001001101100011111101000000100011101
0111101101110000100110010010110001101001000101101100101000110001011000010110100111000101010100111101
0110101010001001001110011010010100100001000110000000101000000000001001011010001101000011010011001010
0101011011111110100001000000010000010010111000100011010000000000011010101110101000101001001100111001
0010101010111010011010001010001000000111111010010010000100000110100001010010011011110111001100111000
1101111111010101100110100111000111000011111000001101111001110010011001011011100001111000010101100001
1111101001011001000001000110011110110100100010011000000001100110111000001001101001000001100010110011
1001001100001100000001000100001010000000010001010100010001010011001110010000000000010011000001000100
0011011000010011001000010000111001011011000000000000000100100001011110111100110000011100100100010110
1010010001000101010111100100011001010000100100110001000010110010010100100110100010110111101010000101
0001111010000000000100011100001010011001111010010100000000001000000100000100000101110000100110000000
1000001100011110100001000100001000010001000100010100001011000101100000110100010010101000001111100000
0110100101100010000111001010000001000001100000111100010001110011001001100000000000110110010110100001
1000001001110000111111101000011110000010011000100000101001011100000010001000011001011011100100100000
0000010000001010000011100000011011010111110101100100010111001000000110100111010001001001011110000110
1111000011101110010111100001010100011000011000101011001010000011011000111000111000110010010001010101
1100010000100000011101000000100100000000010110110101110001010101110101010000000000000101011000100111
