0110001000101010111000101101111111011000111111101011001010000000000111110010100111100101011110011111
1111110110100101110100011100101111111001100111011000101001111011001010110000111101000110111101111000
1011011101111101111111001011100101000111101101111010000101111000111111100100100100111000100011001110
1101100100001011111010011001111100101101011101000111011111111101111111001010010010101110011001000010
0001110111011101001000010010110100001100101000001100011100000010000001001110000111110010111001001111
0011101000001011100110100000001110100110001000111001110010000001011111101010110110011111111101101001
1001011111110000101101101101001000001111001111101101001110110111100111011111110001101001110110111011
1110111111111110101000000110100011110111100100010010100100001101111001101110111000101001101111111101
1000110111111100011101011000101111011010001110101001000011011101100110111100001011010000010001100100
0110110000101100111111010111111010101101111111011010100111001010011001100111001111001011111111101100
1101001001000010111011110010100000011011000111111110011111001110011101101110000110001110000101111101
0011000101011110111110110110000100101111100110010100000110011111101110111100001000011011110111100011
1010010111001101011011011110010100000111101100110111010001001101001111010111001111111010111000111000
1001011011010000101101110011100000110011111110010001011111111001110001111000100011111000000111000010
0010000110001010101010101111101111100110011010001110000001001111111100000010101110100000101001000101
1110101100111110100010110100000000001101010011011111011011010110011001111010100101101101001010100110
0101011101011001111111111000000000010100100111101111111001011100100110001000110001101110101000111011
0100011011001010111111101001100100011010010101111101110001011110101110111110100101000110011100111000
0010100110110011101001000101011111111100101111111111010110011101010010111111110111110010100001010011
0110011010010110110110110010100111101111100011000000000011101100110010011101100010100001101110001101
1111111111011100010010011011101011111001100110011011111100100000011111110110011001101101111110011011
1100001010000100010010010101011001000101001110011011110110010111100101110101101001110110101101010010
1010111011000100110101101100011111010010110100010110010111001011100000101111001110110001011010100111
1001111000100101011010111111011110001001110110100001011010100010011111110011111010000100100111100111
1111101111101111000010101000010001101001010110110111101000010100011111111101111111111100110010110001
0011100111010100000010001110110001011000101111001100100100100011111110001101110010010001011110000000
1011001111111010111101111011011101001010000111111011101110010010111011001000111011101111011101011001
1011001111000001101011110000100110000001010011001001110100010111110111101010111011011000111001011011
1010101111001010101001110101000011101100111101100001001011010101010101011011110100001110011111101011
1011111011101111100110000101101101011011011111101010001110101101101010011111010000001101111001100110
1101000011100111101111100010011111111010011010101011010100100110111111111010110110010010100100011111
1011110111101101101101001010011001101100011000110111111111101011110000111011111011011101010001011110
0101111111011110100101000110100011100101000010100111010101101110110100011000110011001011010011111001
1011111010110101011010000000000101100101001110110010100100101001000011000100111011110111001110111110
1001000111011011011011000111101011101100111111011000101011100101011101110110111110111001001010111110
1001101001001110001011101010110011110000100100111111100111000110110110011101111101111110111101111110
0110101100101111010010001101100110111011111111111001111011000101110010111100101100001111011100101011
0111111110110000011101111011011010101111110101101000110010110000110101001100001010011000011110111011
1011110010111110100111010111011011111010011111000111010110100010001100110011001001111011011010101110
1111111100110111110000111011110110101111100110010111100101010100111101001100000100100001001001111001
0110100011010101000010101100111111000101111110110111011111111111011011101110101101111001100100000010
1010110001100100111101000111111111101010111110010110100101001111111011100001001101111110010101011000
1111001011001011101110011100111101010001001101010011100001101110100111011110110110000001000001001110
0110011000110010011100000111000010101101111110010001100001010111011111111000001010101011011101111010
0010011101110110111100100101011100000000010010111000111011011100111110101101011010101110101111001110
1101000110011101111010110001011000010011100111101110110010111001011101110011111111000111101100101110
1001010101110001011111001101011000101010001010011010100110101101010100101111001001111101111101110100
0010101000110100111101111000110111001001011010011001101100010001011001100101101101010111100000101101
0000111001001110111001110110010111111011111010110110111111101000010000100100001111001100010101111010
1000001010100111110011010010010101111001110100110001101010100001111001100001110101100110000111001010
0111100100000100011000001010100111011001110000011101011101111111111001101011111100011110101110010101
1111111111111100111100111001101010010011111101000101101100011110111010000001010101110111110011100000
1101100010101001110010001100101111011010110100111101000100001110101101111001101110101100110101101111
0011011011010111111010011010110000100111110100101001111111010011011111100100010011000001111000110110
1110100011000001111001010011100011101111111111001100111110100100011000011101011100111101111001101011
0100011011101010111110100110101101001100001001100100010110110110011010011010101000100110111111100101
1111111110101001001010001111101000111011000110001100111111110110100001001110011111011111010110111000
1111010011111110000010111111000000011001110101111000001101011010100111010110110101110001111001001001
0011011110001001111001101111111100001010110110011100011101100001101010000000011111000000111110111011
1000010111111001011000110011011111101110110100110000011110111011010011001001110010101010101000110111
1101011000110100011001101011100010000011100011011011110111001010011000101111110111110001010010001011
0000001100011011101000010111011101010010011100101010110111101111000100111100011101011011011011100100
0011110111001101110111111011111001001110101011001101000111011111001101101111010100111011111101000011
1110110001101111110111001000110110011011110000010101101110010001100110011110110100111011110110010110
0011111000001011000100111110110011110100011101010001000010111011110100101011001011111000110101011110
1000010010110100111011100100011110111100110011111100011011110001110110000111011010011011101100011001
0010111110010100110000010111111010011111001110101011110001000110010110011100000110011011110111111101
0101110001010101111011101110010100111011000110011010101111110100100101100111010011111101100110011110
0011000111011111011111111111101011110111110111100101001110000110000010100111100000011010011100100010
1100000100000011000011000001100000001101110100100010001010000110010101111011010001100101111110000100
0100011101110011101101111111111110000110100111111000100010011101000011101111011111011110010100110101
1111100110011001101100000111010000010110011001100111010100011000111001110011111100011011110010001010
0111101001000111101110100000101111011111100111110011011011001111100011011110110111101101111101001101
1101010100001111001011111110111111000110110111011001111001101100010010100101010101011110000100110000
1010100101101001111011000110001100011011101001110111111110001000101101010011001100010011010110011111
1100011011001000000110001111110000111111110100001110110001100111001101111011101010010101001110100011
1010010001001011011101001111110011001000110000011100011001010101101111111110011001000101111011101110
0010110001000101001111000100011011001111010100110100010100111111001100001000001000001111000110110001
1110100101001011000101111110110101101111011000111110011001010100101110011001011101101111101001000110
1101111000000110101110010010110011110001000101101011010111101110011000000100100100000101011001011100
0101111000110010011000101011100100011011011110111001001001111101010001011111000111001011110111011110
0010101001111111110101011111111111100101010111000100101111001111000000110110101110010101111110101001
0111111110101010101101011011000000111101001001000101111010010000001100101111111100000111010110110010
1100101001111010111100100100101000101101110001010111001101000000010110001100011000011010001000011010
0010111010010111111011111000011011001000000011011100111111011100101111001001011000111111011100011000
0110101011001000110001100100101101111111111110101010100010110010111110101000011011001001011100111001
0111001111110110111110000001000100001011101100111101010111111100110100001011011001110010010011001010
0101011100101101111011001110101110111101000010010000000010000111111011001101101011011011011111111111
0001110100000100001010010111001101111100101111110100110101110101111100010011001100011111011010001000
1010000100101100100001010100001100101000001101100011000011111100000110001001110111001001111101111001
0101110010111011101101110111110111101100111101111001010100111001011111001111001001111111011011100101
0110001010001100100010001101101110010101101010101100010101011011010010110111100111100101101110011100
0100101010110100011111000000100011011100101111100100011011010100111101010001001000001001111110001000
1100101101101100101010101011011011110011100101001011111100000000101001111110111000010001101000001110
0101011010001110001101111110101001110010000110000010111101110110110110111001110111111111111011100101
1010100101100011100111111011100111100001011111000100010001000100101001011101100010101111010100111000
1100100000001000101011001010010010100011100111001111011100001111010010110101010000010000100100011001
1010101111001011101010110101011110000001100101001010111001111111100011010001111111110110000001100011
0010111011011100100111101010010001111001000010101100000011100111010110010111111101010001110001011101
1100101101010100000011011111101010011001010000010110101111111010110011000011100010001101101010000110
