1111111110100111011001111111110110110111011111111111110110110011110111111110111010111011100111001111
0111110111101101011100111101010100011110100100111111111000101111101111111001101110111011101011001111
1010101101111101111111011011000011011111000001001111010110011111000000111011110010011011001111111011
1111101101111111010110100111111011001111110110110011101111111111110100110110010101011110110111100001
0111101111101101010011111101011111001011011101111111101110101111111111111111111111110110111101000101
1011000110011111010111101111111111010001000110111111111110110111110001101111111011111011101110111000
0111011100101110100111101111110000111101101100101101111101111101111011001011111110011011011111100111
0010001001000111101101111001101101111001011111010010011101111101101101111111000010111111111011111111
1011010111110101100111111011111010111111111111111111101011111111100111000110110011111110111111100001
1011011110011111111010111101101110111110011111101101011011101111111101111101101001101111011101110111
0001011111111100111111001011111111111100101001111110111101111111110011110101111110011011111111111111
1110111111110111010111101101101110011101001000011111000100011111101101111010100010111011000111111011
1110101101011011010111111111111011111011101011110100111010111010111101110111111011111101110011111111
0110001011101001111101100011111110100000110101010011111110111001111011111010111111011110101111010111
1111101011010011011111011110111001111101101110110100111010111111011101011111100111010100101101000111
1111110011101111111101011110101110100010100111111110110011010101001101000011001001111011101110001101
1111111011110011110011110110010111011101011110101101011011111101001101101111101011111101000111100000
0110010000010111110110011111001011010010101101111011011100111000110111111101001111111111010111101111
0110110100011000111001101110110010001101001011111001011111011101101010011111101011111111010101110001
1111111100001111101001111110111110111110101101011101111111011100110111011011001110111111011110101111
0110011111010111110011111101011111010111110011000111110110111110101110101110111111111011100100101110
1101100111001011111010101100101011010110111110100111110000010111100011101100100111110011010111101101
0111000111111101100111011110111111100100011111111010011101111111011101101110101001111101101001111011
0010011111111001101011111111110111000101110011010111010011111111100101001011011111100111111011011111
0000111111101010010010010111011111110101111011100100111111111110001111111101100011111110110001101111
1011110001011101111010101111010111110110111010011110111111111011011011111101111111111101001111101101
0111001111111111001100111101110101010111111100001111011111001111111110110011101011100111111100111010
0110000111111111101101111111111001011011101110001110110100011111001011111101111111010110111111011111
0110111101111110101111111111111111110111011110101000110110101111100111111100011011010111011110111110
1000110110101000111110011111010110111101101111111000111001110011111011111111010110010111111011011111
1101110111011111111111110011111011111011001101101100110101101111110010001111100111011100010011000011
1011001111000111111011001110111011101111101101010110111011101001011111111101011111011011111011101011
1111111101101111010011011001111111111011101010111101111110110111110001010111011111011111100111111100
1101010100001101001011111101110111110010001110101001111111111111111001110111110101101011111001111111
1111110000100110111110101111111110111111100000111011111111101101111101110111111010110111011101101101
0010010011111111111111100111111111010111110001010110111110100111111001101111010100010111011001011010
0010100110111110101010101101111111000111111111101011110011111101101111111010110010101111010110100011
1110111111100110111101101000101110111110001111111101001111100111011111100111010101001100111111111101
0011111000011101110000110100101010010101111011101011111001111111101011110101111101110111111111111111
0111011111011110101101011110111111011011111000111101100111100010101111111001101000010101111111111000
1101100111100101111100111111010101011111011110010111111011101111001101111101001010101101111011111001
0101001111011111011010110101100011011101000011110011111110111111100101111111111110111001111001110101
0111101110110111111111101101111011101101111111111010111110010110111001110111011111101110111110001110
1010100101101000011010111110101100001011111101110000111111101111111011101101111011111101010101110100
0110111011111001110110100000011011011111110110111100111111110101111101111011011111010111101011011110
1010100011001111010111011101111010101111011010000001111111111101111111100010110100111111111111100111
1101111101011101111100011000110110111111101011111001111111111111111011110110010111101101011111101110
0111001000011100100001101010111111111110110010011111110101111101110110100111011100111011010111100101
1110011110111101011101111111011110101110110011111111111100010101001111010111111111101101111001011111
0101111011110111010111111111001101111101110111110011110010110001110000000111110010110110111111111110
1110110111011111110111101101101111101000101110111110110100111000001001011011111011011010101111111110
1010111111101110110100101111101000011100001111001111101101000110111011111110110110100110011100011111
1011001011111110111101111010011111111010111101111111111111101111011111111111011101111110011111101111
1111000100111111110101011101101111111011111111000110111111110110101001000101111010111100111101111011
0101111101100100101001101101011001101011010101011101010100011111101001010011110001111111111010011110
0101110111011101011111100110111101111111011110011111101111011101111111110101110111111110100111111111
0111111101011111101110101111100110111010010100001001011111111111011001111111010101110111011011110111
1001111101001101111010100110111011110111111001001111011101001011011111111010101111101001101110101100
0111011101011100101110111111110001101001101110010110010010111001000111111101111010111100111100111010
1011110010000001001110111101011110010111110100101111110111111101110111111101111111001001010111111101
1010111101111111110111011010011111101111111101011110011111001100011010111111101110101111111101110000
0101100011000011111110111010011110000011011111111101011111111001011110111111111111111101101111110011
1111011101111111101001110111111111011110111111011000110101010111011101011111001111001011101101011111
1111001110010000011110110011100011101001100000010010111001011111101111111111011100111101010001001011
0110111110011100111011011100111101111110111111100111110110001011010110010110111111111001101111100011
1111010010111111000110111111110111111010111101111001110011111111110110100111111110111111101110001110
1100111010111111111101110111111110111100110111101111111011110011011110111000001011011111111111110111
1110100011110111110100000101111101001010111110100111001110111011110111111111111111010111111100011111
1111011100110111011111111011101101001101011101111011110000011110110110010111010111101101101111101110
1010010111111110011011111110001011101111011101111111111111101011101110111100111101100111001111101110
0100111011010011101101110111011100111111111101110111111110010011001111101111011011010011010011101111
1011101010111111001001111001111010111000100111101101110101011101110011010011010100111111101111100111
0011001111011011101001110011110111010101110111111111111011101111000001001111111111101001110011011001
1111010111101111110111011011101010110011101010101110111011101111101011111011111111011100111101110111
1111101111011101111001101101111001011001110001111111011110111111110110111111011110111111110110100110
1010110111111010101101110100111110101111111010011111111011001111001101111011010111111110111011101110
0111101001111111111111110001111010110101001001001111010000111110010111111111001111011100110111011110
1111001011100110001100110110101011111111101110010111111101111011110111001011111110111011011111111111
1010110101111110111011111111110110101111101000100111111111101101111111110110111110011000011101111010
1000101001111011101111111100101010011111101100011010101101101101111100111111011110101100101100011101
0101111111001111100101010001111011010111010001011001111000111101111111111110010101010100011110111010
1011110111011000110111111001111010101011101001010010111110001101001101101101100110100101100110111100
1110111111101101111011001011111001110101101010110111111001101101110000101101111111111111100101101011
1101111111001011011101011101110111111110101010101100001100100100100100001110011001101010111111010101
1101111011100111111011110111011111011011111111101100000110111111010111111011111100000110110101010011
0101101110111001110011100111000100101010111111010111001111110111010111111111011101011011010100101111
0111101111110011111111110110110101111100001111011100111111100111100111011011111101111101011111100011
1111111100111110110001011010111111110100111110010111110101111111110101110111110111101011100111110111
1011101001111011000011111011111011111110111110010110100111111110111110011011111001011101111011110001
1101101010101010111111111110011101011001111111110101101111011111111101011111010111111100111100011111
1111100111100111111111110111001111111101001001101011111110111101011101010111111110110011011011010111
1000110010110011110101111111101011100011111111011111111111110100011010111101111101101001111000010011
1111010111111111111011100110001101111100101101110011111111110111111110001111111111101011110111101101
1111111110000100101110110101001101011011111010011011011110011100110010110101111011101111100010001110
1100111111101110110111101111001011101011111110111110011111101111101111011101000100111011111011100101
1011010110101010100010111011101011111110111101001001010111010110011101111111111110011111111110111101
1111101111010101111110111001110111111111101011011011110110111111101100111010101111101110101101010101
1110111111110110010110011101111110110111101011011101111111101001101110101111111111101111110111100111
0011001111011011110111111111111110111111000101111101111110111101101111111011110111110111111010110001
1100101010101010111101010001110001111010111111010010111110001111111111111101111111001111011111101101
